55 1
0 2
57 3
55 4
57 5
0 6
27 7
31 8
23 9
28 10
22 11
21 12
31 13
29 14
40 15
34 16
38 17
62 18
43 19
25 20
84 21
94 22
76 23
74 24
54 25
64 26
55 27
73 28
65 29
75 30
72 31
72 32
68 33
77 34
78 35
71 36
75 37
80 38
78 39
74 40
72 41
62 42
80 43
83 44
63 45
65 46
61 47
65 48
71 49
63 50
69 51
0 52
46 53
0 54
73 55
91 56
73 57
89 58
101 59
69 60
92 61
51 62
72 63
55 64
9 65
43 66
34 67
52 68
31 69
34 70
30 71
30 72
30 73
37 74
39 75
26 76
9 77
12 78
0 79
14 80
58 81
0 82
14 83
44 84
0 85
14 86
74 87
0 88
14 89
56 90
0 91
15 92
18 93
43 94
36 95
51 96
42 97
5 98
0 99
9 100
57 101
16 102
57 103
98 104
49 105
40 106
53 107
21 108
49 109
33 110
61 111
55 112
60 113
62 114
52 115
21 116
67 117
56 118
33 119
41 120
82 121
37 122
33 123
21 124
0 125
15 126
59 127
19 128
39 129
63 130
23 131
34 132
52 133
46 134
0 135
35 136
40 137
48 138
75 139
48 140
0 141
46 142
116 143
27 144
65 145
50 146
5 147
0 148
9 149
49 150
48 151
86 152
85 153
84 154
0 155
125 156
125 157
125 158
0 159
85 160
69 161
69 162
0 163
15 164
55 165
52 166
47 167
47 168
5 169
0 170
9 171
62 172
15 173
67 174
0 175
15 176
45 177
50 178
47 179
45 180
5 181
0 182
9 183
81 184
86 185
85 186
0 187
82 188
75 189
34 190
52 191
67 192
0 193
61 194
75 195
35 196
0 197
87 198
0 199
46 200
90 201
54 202
5 203
0 204
9 205
69 206
61 207
101 208
35 209
0 210
39 211
66 212
0 213
45 214
50 215
5 216
0 217
9 218
71 219
52 220
46 221
90 222
45 223
67 224
52 225
0 226
27 227
86 228
46 229
0 230
91 231
0 232
45 233
50 234
5 235
0 236
9 237
69 238
39 239
61 240
0 241
45 242
50 243
5 244
0 245
9 246
76 247
16 248
27 249
19 250
39 251
123 252
23 253
35 254
27 255
19 256
39 257
120 258
23 259
35 260
27 261
19 262
39 263
120 264
23 265
35 266
0 267
88 268
69 269
69 270
0 271
69 272
47 273
35 274
63 275
29 276
51 277
52 278
47 279
78 280
62 281
5 282
0 283
9 284
91 285
45 286
19 287
39 288
123 289
23 290
34 291
52 292
27 293
30 294
34 295
0 296
45 297
19 298
39 299
120 300
23 301
34 302
52 303
27 304
30 305
34 306
0 307
107 308
74 309
43 310
0 311
107 312
74 313
43 314
0 315
85 316
0 317
46 318
87 319
83 320
5 321
0 322
9 323
115 324
86 325
27 326
19 327
39 328
120 329
23 330
35 331
27 332
19 333
39 334
123 335
23 336
35 337
27 338
19 339
39 340
90 341
23 342
35 343
27 344
19 345
39 346
98 347
23 348
35 349
0 350
84 351
88 352
88 353
0 354
81 355
55 356
47 357
35 358
49 359
33 360
47 361
35 362
63 363
104 364
5 365
0 366
9 367
115 368
86 369
27 370
19 371
39 372
120 373
23 374
35 375
27 376
19 377
39 378
123 379
23 380
35 381
27 382
19 383
39 384
90 385
23 386
35 387
27 388
19 389
39 390
98 391
23 392
35 393
0 394
83 395
89 396
89 397
0 398
82 399
55 400
47 401
35 402
63 403
104 404
47 405
35 406
49 407
33 408
5 409
0 410
9 411
68 412
79 413
27 414
19 415
39 416
90 417
23 418
35 419
0 420
49 421
19 422
39 423
120 424
23 425
34 426
52 427
27 428
30 429
34 430
0 431
27 432
19 433
39 434
120 435
23 436
35 437
0 438
27 439
19 440
71 441
23 442
35 443
0 444
47 445
69 446
69 447
0 448
100 449
55 450
80 451
36 452
0 453
35 454
23 455
52 456
39 457
41 458
41 459
46 460
80 461
87 462
66 463
59 464
62 465
59 466
60 467
5 468
0 469
9 470
54 471
76 472
45 473
46 474
90 475
45 476
67 477
52 478
0 479
49 480
46 481
89 482
45 483
67 484
52 485
0 486
47 487
46 488
88 489
45 490
67 491
52 492
0 493
27 494
78 495
46 496
0 497
27 498
81 499
46 500
0 501
15 502
85 503
0 504
78 505
45 506
33 507
61 508
63 509
33 510
52 511
56 512
5 513
0 514
9 515
73 516
91 517
86 518
85 519
84 520
0 521
40 522
27 523
19 524
39 525
64 526
23 527
35 528
0 529
27 530
19 531
39 532
64 533
23 534
35 535
0 536
27 537
19 538
39 539
64 540
23 541
35 542
0 543
87 544
76 545
77 546
100 547
57 548
48 549
36 550
61 551
71 552
36 553
60 554
57 555
5 556
0 557
9 558
61 559
77 560
32 561
101 562
111 563
59 564
61 565
42 566
43 567
64 568
25 569
39 570
71 571
37 572
122 573
21 574
0 575
59 576
89 577
45 578
67 579
31 580
62 581
0 582
54 583
64 584
112 585
61 586
45 587
60 588
60 589
42 590
44 591
64 592
25 593
41 594
82 595
37 596
42 597
37 598
65 599
59 600
64 601
66 602
56 603
25 604
21 605
0 606
59 607
91 608
45 609
67 610
31 611
0 612
59 613
40 614
76 615
63 616
0 617
65 618
60 619
35 620
103 621
27 622
65 623
5 624
0 625
9 626
91 627
59 628
56 629
79 630
42 631
37 632
65 633
64 634
52 635
54 636
56 637
25 638
21 639
0 640
59 641
89 642
45 643
67 644
31 645
62 646
0 647
61 648
45 649
60 650
56 651
79 652
42 653
37 654
65 655
58 656
70 657
65 658
41 659
25 660
21 661
0 662
59 663
91 664
45 665
67 666
31 667
0 668
40 669
118 670
101 671
0 672
103 673
27 674
103 675
5 676
0 677
9 678
74 679
45 680
41 681
46 682
90 683
45 684
67 685
52 686
0 687
41 688
46 689
89 690
45 691
67 692
52 693
0 694
51 695
27 696
65 697
60 698
52 699
42 700
43 701
23 702
42 703
0 704
33 705
53 706
5 707
0 708
9 709
75 710
16 711
40 712
46 713
90 714
45 715
67 716
52 717
0 718
15 719
27 720
65 721
60 722
62 723
44 724
36 725
23 726
42 727
0 728
55 729
55 730
38 731
40 732
64 733
81 734
66 735
72 736
62 737
53 738
5 739
0 740
9 741
67 742
69 743
27 744
65 745
60 746
52 747
42 748
48 749
23 750
40 751
25 752
48 753
40 754
58 755
5 756
0 757
9 758
82 759
69 760
27 761
65 762
60 763
62 764
52 765
48 766
23 767
41 768
0 769
55 770
55 771
38 772
40 773
64 774
93 775
72 776
70 777
5 778
0 779
9 780
87 781
44 782
48 783
46 784
88 785
45 786
67 787
52 788
0 789
73 790
27 791
65 792
60 793
52 794
42 795
61 796
23 797
40 798
25 799
82 800
0 801
78 802
66 803
41 804
85 805
5 806
0 807
9 808
51 809
15 810
27 811
65 812
60 813
33 814
23 815
43 816
0 817
75 818
53 819
5 820
0 821
9 822
66 823
64 824
27 825
65 826
48 827
23 828
45 829
5 830
0 831
9 832
68 833
38 834
27 835
65 836
56 837
48 838
23 839
45 840
5 841
0 842
9 843
62 844
60 845
52 846
46 847
90 848
45 849
67 850
52 851
0 852
43 853
61 854
81 855
23 856
34 857
52 858
46 859
0 860
39 861
42 862
78 863
82 864
55 865
5 866
0 867
9 868
61 869
43 870
78 871
0 872
15 873
59 874
80 875
23 876
34 877
52 878
46 879
0 880
15 881
40 882
76 883
76 884
53 885
5 886
0 887
9 888
56 889
69 890
78 891
120 892
0 893
15 894
27 895
80 896
23 897
35 898
0 899
74 900
117 901
77 902
76 903
98 904
47 905
128 906
88 907
79 908
5 909
0 910
9 911
60 912
53 913
78 914
0 915
41 916
27 917
80 918
55 919
23 920
35 921
0 922
83 923
66 924
21 925
89 926
22 927
0 928
38 929
48 930
80 931
70 932
48 933
82 934
70 935
0 936
47 937
47 938
72 939
45 940
91 941
67 942
93 943
132 944
75 945
5 946
0 947
6 948
103 949
100 950
101 951
7 952
0 953
9 954
96 955
88 956
48 957
77 958
0 959
15 960
42 961
0 962
54 963
85 964
69 965
72 966
51 967
50 968
0 969
101 970
92 971
100 972
27 973
110 974
5 975
0 976
9 977
96 978
101 979
90 980
99 981
77 982
0 983
98 984
66 985
27 986
81 987
56 988
23 989
42 990
25 991
77 992
90 993
0 994
100 995
51 996
101 997
94 998
62 999
5 1000
0 1001
9 1002
81 1003
100 1004
84 1005
60 1006
94 1007
53 1008
95 1009
0 1010
73 1011
65 1012
69 1013
52 1014
46 1015
51 1016
45 1017
67 1018
52 1019
0 1020
84 1021
27 1022
81 1023
56 1024
23 1025
42 1026
25 1027
89 1028
94 1029
0 1030
97 1031
61 1032
51 1033
23 1034
77 1035
94 1036
62 1037
5 1038
0 1039
9 1040
66 1041
27 1042
80 1043
23 1044
40 1045
25 1046
48 1047
82 1048
5 1049
0 1050
9 1051
63 1052
39 1053
52 1054
46 1055
90 1056
45 1057
67 1058
52 1059
0 1060
22 1061
27 1062
80 1063
23 1064
42 1065
25 1066
74 1067
5 1068
0 1069
9 1070
68 1071
86 1072
78 1073
110 1074
27 1075
89 1076
0 1077
87 1078
27 1079
80 1080
46 1081
0 1082
108 1083
27 1084
83 1085
82 1086
125 1087
0 1088
64 1089
88 1090
74 1091
85 1092
77 1093
69 1094
52 1095
0 1096
107 1097
27 1098
111 1099
81 1100
0 1101
44 1102
27 1103
87 1104
46 1105
0 1106
103 1107
109 1108
27 1109
88 1110
80 1111
109 1112
5 1113
0 1114
9 1115
72 1116
27 1117
87 1118
23 1119
40 1120
25 1121
48 1122
82 1123
5 1124
0 1125
9 1126
73 1127
58 1128
78 1129
0 1130
22 1131
27 1132
87 1133
23 1134
42 1135
25 1136
78 1137
5 1138
0 1139
9 1140
65 1141
97 1142
78 1143
0 1144
27 1145
80 1146
46 1147
0 1148
64 1149
0 1150
15 1151
27 1152
87 1153
46 1154
0 1155
64 1156
84 1157
74 1158
86 1159
27 1160
46 1161
91 1162
5 1163
0 1164
9 1165
57 1166
61 1167
78 1168
0 1169
27 1170
80 1171
46 1172
0 1173
116 1174
86 1175
45 1176
75 1177
0 1178
49 1179
63 1180
81 1181
23 1182
34 1183
52 1184
46 1185
0 1186
57 1187
84 1188
114 1189
0 1190
117 1191
73 1192
111 1193
0 1194
115 1195
76 1196
86 1197
27 1198
48 1199
80 1200
62 1201
84 1202
5 1203
0 1204
9 1205
67 1206
22 1207
27 1208
81 1209
23 1210
40 1211
25 1212
48 1213
40 1214
58 1215
5 1216
0 1217
9 1218
61 1219
42 1220
52 1221
46 1222
90 1223
45 1224
67 1225
52 1226
0 1227
45 1228
27 1229
81 1230
56 1231
23 1232
35 1233
0 1234
104 1235
67 1236
38 1237
43 1238
76 1239
39 1240
0 1241
42 1242
72 1243
71 1244
59 1245
40 1246
82 1247
62 1248
53 1249
51 1250
89 1251
74 1252
117 1253
70 1254
46 1255
91 1256
56 1257
107 1258
84 1259
75 1260
5 1261
0 1262
9 1263
74 1264
42 1265
52 1266
46 1267
90 1268
45 1269
67 1270
52 1271
0 1272
31 1273
37 1274
41 1275
30 1276
41 1277
39 1278
10 1279
0 1280
42 1281
27 1282
81 1283
33 1284
23 1285
35 1286
0 1287
88 1288
67 1289
38 1290
43 1291
76 1292
39 1293
0 1294
49 1295
75 1296
79 1297
68 1298
79 1299
78 1300
76 1301
0 1302
94 1303
56 1304
107 1305
94 1306
5 1307
0 1308
9 1309
58 1310
38 1311
52 1312
46 1313
90 1314
45 1315
67 1316
52 1317
0 1318
33 1319
66 1320
84 1321
32 1322
66 1323
82 1324
0 1325
27 1326
81 1327
35 1328
46 1329
0 1330
25 1331
27 1332
80 1333
34 1334
46 1335
0 1336
100 1337
66 1338
21 1339
89 1340
22 1341
0 1342
38 1343
47 1344
88 1345
61 1346
109 1347
105 1348
105 1349
105 1350
5 1351
0 1352
34 1353
62 1354
47 1355
75 1356
51 1357
5 1358
0 1359
34 1360
61 1361
47 1362
75 1363
50 1364
5 1365
0 1366
9 1367
75 1368
65 1369
52 1370
46 1371
90 1372
45 1373
67 1374
52 1375
0 1376
27 1377
81 1378
46 1379
0 1380
90 1381
130 1382
66 1383
59 1384
0 1385
44 1386
27 1387
81 1388
46 1389
0 1390
90 1391
66 1392
21 1393
89 1394
22 1395
0 1396
38 1397
70 1398
70 1399
70 1400
5 1401
0 1402
9 1403
74 1404
15 1405
27 1406
81 1407
23 1408
41 1409
0 1410
44 1411
62 1412
5 1413
0 1414
9 1415
83 1416
47 1417
27 1418
46 1419
90 1420
46 1421
0 1422
67 1423
67 1424
38 1425
52 1426
80 1427
74 1428
5 1429
0 1430
9 1431
79 1432
60 1433
52 1434
46 1435
90 1436
45 1437
67 1438
52 1439
0 1440
48 1441
58 1442
86 1443
23 1444
34 1445
52 1446
46 1447
0 1448
49 1449
39 1450
75 1451
77 1452
52 1453
5 1454
0 1455
9 1456
83 1457
53 1458
52 1459
46 1460
90 1461
45 1462
67 1463
52 1464
0 1465
27 1466
81 1467
46 1468
0 1469
58 1470
58 1471
86 1472
23 1473
34 1474
52 1475
46 1476
0 1477
49 1478
39 1479
75 1480
77 1481
52 1482
5 1483
0 1484
9 1485
71 1486
22 1487
27 1488
86 1489
23 1490
40 1491
25 1492
48 1493
40 1494
58 1495
5 1496
0 1497
9 1498
75 1499
58 1500
52 1501
46 1502
90 1503
45 1504
67 1505
52 1506
0 1507
27 1508
86 1509
46 1510
0 1511
118 1512
27 1513
86 1514
23 1515
34 1516
52 1517
89 1518
5 1519
0 1520
9 1521
69 1522
77 1523
52 1524
46 1525
90 1526
45 1527
67 1528
52 1529
0 1530
41 1531
27 1532
86 1533
46 1534
0 1535
92 1536
75 1537
89 1538
22 1539
38 1540
48 1541
46 1542
80 1543
68 1544
57 1545
5 1546
0 1547
9 1548
83 1549
91 1550
52 1551
46 1552
90 1553
45 1554
67 1555
52 1556
0 1557
27 1558
81 1559
46 1560
0 1561
58 1562
27 1563
86 1564
46 1565
0 1566
87 1567
75 1568
89 1569
22 1570
38 1571
48 1572
46 1573
90 1574
68 1575
61 1576
5 1577
0 1578
9 1579
61 1580
42 1581
52 1582
46 1583
90 1584
45 1585
67 1586
52 1587
0 1588
26 1589
27 1590
81 1591
46 1592
0 1593
62 1594
74 1595
76 1596
39 1597
61 1598
5 1599
0 1600
9 1601
59 1602
70 1603
52 1604
46 1605
90 1606
45 1607
67 1608
52 1609
0 1610
27 1611
81 1612
46 1613
0 1614
53 1615
88 1616
66 1617
59 1618
0 1619
28 1620
27 1621
81 1622
46 1623
0 1624
69 1625
81 1626
76 1627
89 1628
22 1629
44 1630
69 1631
69 1632
5 1633
0 1634
9 1635
83 1636
15 1637
73 1638
0 1639
15 1640
45 1641
50 1642
47 1643
41 1644
5 1645
0 1646
9 1647
78 1648
86 1649
41 1650
46 1651
90 1652
45 1653
67 1654
52 1655
0 1656
41 1657
46 1658
89 1659
45 1660
67 1661
52 1662
0 1663
41 1664
46 1665
88 1666
45 1667
67 1668
52 1669
0 1670
50 1671
75 1672
75 1673
75 1674
0 1675
15 1676
55 1677
52 1678
47 1679
47 1680
47 1681
66 1682
51 1683
8 1684
72 1685
73 1686
54 1687
40 1688
22 1689
84 1690
5 1691
0 1692
9 1693
78 1694
68 1695
27 1696
46 1697
90 1698
46 1699
0 1700
50 1701
74 1702
0 1703
73 1704
45 1705
54 1706
51 1707
5 1708
0 1709
9 1710
63 1711
79 1712
71 1713
0 1714
58 1715
91 1716
45 1717
86 1718
0 1719
39 1720
97 1721
79 1722
0 1723
56 1724
19 1725
41 1726
60 1727
77 1728
52 1729
45 1730
86 1731
0 1732
37 1733
108 1734
5 1735
0 1736
9 1737
84 1738
42 1739
52 1740
46 1741
88 1742
45 1743
67 1744
52 1745
0 1746
56 1747
70 1748
57 1749
48 1750
69 1751
44 1752
21 1753
54 1754
104 1755
24 1756
0 1757
43 1758
27 1759
65 1760
60 1761
60 1762
50 1763
48 1764
23 1765
42 1766
0 1767
64 1768
92 1769
104 1770
23 1771
5 1772
0 1773
71 1774
46 1775
5 1776
0 1777
79 1778
34 1779
18 1780
75 1781
23 1782
34 1783
58 1784
46 1785
5 1786
0 1787
65 1788
43 1789
5 1790
0 1791
73 1792
52 1793
5 1794
0 1795
86 1796
58 1797
5 1798
0 1799
62 1800
56 1801
61 1802
27 1803
35 1804
9 1805
38 1806
57 1807
9 1808
34 1809
18 1810
21 1811
23 1812
34 1813
55 1814
46 1815
5 1816
0 1817
59 1818
52 1819
5 1820
0 1821
94 1822
73 1823
5 1824
0 1825
120 1826
71 1827
108 1828
62 1829
0 1830
74 1831
43 1832
46 1833
0 1834
132 1835
30 1836
24 1837
56 1838
57 1839
58 1840
44 1841
0 1842
61 1843
27 1844
24 1845
34 1846
33 1847
40 1848
41 1849
35 1850
37 1851
38 1852
29 1853
95 1854
0 1855
59 1856
85 1857
57 1858
0 1859
82 1860
98 1861
58 1862
0 1863
74 1864
24 1865
42 1866
42 1867
47 1868
54 1869
57 1870
49 1871
29 1872
24 1873
52 1874
41 1875
39 1876
38 1877
37 1878
5 1879
0 1880
92 1881
71 1882
89 1883
77 1884
93 1885
85 1886
77 1887
77 1888
75 1889
81 1890
81 1891
77 1892
77 1893
5 1894
0 1895
9 1896
67 1897
65 1898
52 1899
46 1900
90 1901
45 1902
67 1903
52 1904
0 1905
27 1906
81 1907
46 1908
0 1909
55 1910
130 1911
66 1912
59 1913
0 1914
35 1915
27 1916
81 1917
46 1918
0 1919
15 1920
54 1921
87 1922
45 1923
61 1924
31 1925
0 1926
91 1927
38 1928
70 1929
70 1930
70 1931
48 1932
80 1933
48 1934
82 1935
5 1936
0 1937
9 1938
85 1939
63 1940
52 1941
46 1942
90 1943
45 1944
67 1945
52 1946
0 1947
15 1948
54 1949
87 1950
45 1951
61 1952
31 1953
0 1954
83 1955
38 1956
52 1957
80 1958
5 1959
0 1960
9 1961
60 1962
75 1963
73 1964
0 1965
58 1966
19 1967
39 1968
57 1969
23 1970
34 1971
52 1972
46 1973
0 1974
39 1975
55 1976
0 1977
56 1978
56 1979
19 1980
41 1981
60 1982
77 1983
34 1984
23 1985
34 1986
52 1987
46 1988
0 1989
54 1990
37 1991
70 1992
72 1993
73 1994
0 1995
26 1996
88 1997
96 1998
92 1999
101 2000
106 2001
83 2002
0 2003
26 2004
87 2005
96 2006
67 2007
69 2008
107 2009
62 2010
54 2011
55 2012
45 2013
0 2014
29 2015
111 2016
116 2017
108 2018
98 2019
5 2020
0 2021
9 2022
50 2023
73 2024
0 2025
58 2026
91 2027
45 2028
86 2029
0 2030
39 2031
0 2032
56 2033
19 2034
41 2035
60 2036
77 2037
52 2038
45 2039
86 2040
0 2041
37 2042
122 2043
114 2044
114 2045
112 2046
118 2047
5 2048
0 2049
9 2050
65 2051
92 2052
67 2053
58 2054
46 2055
90 2056
45 2057
86 2058
0 2059
27 2060
98 2061
46 2062
0 2063
62 2064
52 2065
27 2066
19 2067
41 2068
60 2069
77 2070
52 2071
23 2072
43 2073
5 2074
0 2075
9 2076
63 2077
56 2078
46 2079
46 2080
90 2081
45 2082
67 2083
52 2084
0 2085
27 2086
75 2087
46 2088
0 2089
87 2090
49 2091
0 2092
51 2093
56 2094
19 2095
41 2096
60 2097
65 2098
34 2099
23 2100
34 2101
52 2102
46 2103
0 2104
73 2105
37 2106
70 2107
72 2108
73 2109
5 2110
0 2111
9 2112
90 2113
59 2114
62 2115
46 2116
90 2117
23 2118
34 2119
86 2120
0 2121
55 2122
62 2123
61 2124
53 2125
71 2126
63 2127
21 2128
27 2129
89 2130
58 2131
23 2132
35 2133
0 2134
73 2135
62 2136
27 2137
19 2138
41 2139
60 2140
81 2141
56 2142
23 2143
83 2144
25 2145
48 2146
68 2147
70 2148
5 2149
0 2150
9 2151
68 2152
22 2153
27 2154
19 2155
41 2156
60 2157
51 2158
40 2159
23 2160
40 2161
25 2162
48 2163
82 2164
5 2165
0 2166
9 2167
72 2168
40 2169
58 2170
46 2171
90 2172
45 2173
67 2174
31 2175
0 2176
27 2177
56 2178
19 2179
41 2180
60 2181
77 2182
52 2183
45 2184
67 2185
31 2186
0 2187
94 2188
70 2189
60 2190
74 2191
22 2192
78 2193
45 2194
43 2195
103 2196
112 2197
50 2198
112 2199
21 2200
50 2201
5 2202
0 2203
9 2204
79 2205
73 2206
88 2207
73 2208
48 2209
0 2210
52 2211
46 2212
51 2213
45 2214
67 2215
52 2216
0 2217
22 2218
27 2219
85 2220
23 2221
34 2222
25 2223
69 2224
52 2225
71 2226
64 2227
5 2228
0 2229
9 2230
71 2231
27 2232
85 2233
23 2234
40 2235
25 2236
48 2237
82 2238
5 2239
0 2240
9 2241
70 2242
85 2243
59 2244
46 2245
90 2246
23 2247
34 2248
86 2249
50 2250
58 2251
0 2252
61 2253
33 2254
52 2255
71 2256
43 2257
21 2258
27 2259
61 2260
57 2261
23 2262
35 2263
0 2264
69 2265
61 2266
33 2267
52 2268
71 2269
43 2270
21 2271
0 2272
75 2273
27 2274
61 2275
57 2276
23 2277
83 2278
25 2279
48 2280
68 2281
70 2282
0 2283
89 2284
103 2285
99 2286
5 2287
0 2288
65 2289
52 2290
46 2291
84 2292
45 2293
67 2294
52 2295
0 2296
27 2297
81 2298
46 2299
0 2300
31 2301
5 2302
0 2303
89 2304
37 2305
43 2306
0 2307
40 2308
27 2309
67 2310
21 2311
5 2312
0 2313
64 2314
73 2315
65 2316
34 2317
46 2318
51 2319
45 2320
67 2321
52 2322
5 2323
0 2324
74 2325
27 2326
81 2327
64 2328
46 2329
5 2330
0 2331
63 2332
57 2333
5 2334
0 2335
96 2336
102 2337
48 2338
84 2339
19 2340
27 2341
34 2342
80 2343
69 2344
31 2345
43 2346
60 2347
33 2348
5 2349
0 2350
48 2351
55 2352
76 2353
24 2354
91 2355
5 2356
0 2357
34 2358
80 2359
41 2360
78 2361
71 2362
5 2363
0 2364
103 2365
40 2366
56 2367
72 2368
76 2369
21 2370
5 2371
0 2372
94 2373
40 2374
56 2375
72 2376
72 2377
21 2378
5 2379
0 2380
66 2381
79 2382
53 2383
40 2384
68 2385
42 2386
44 2387
57 2388
25 2389
46 2390
72 2391
76 2392
68 2393
68 2394
66 2395
72 2396
72 2397
37 2398
42 2399
37 2400
63 2401
25 2402
21 2403
5 2404
0 2405
73 2406
50 2407
24 2408
9 2409
60 2410
5 2411
1 2412
