132 944
132 1835
130 1911
130 1382
128 906
125 158
125 157
125 156
125 1087
123 379
123 335
123 289
123 252
122 573
122 2043
120 892
120 435
120 424
120 373
120 329
120 300
120 264
120 258
120 1826
118 670
118 2047
118 1512
117 901
117 1253
117 1191
116 2017
116 143
116 1174
115 368
115 324
115 1195
114 2045
114 2044
114 1189
112 585
112 2199
112 2197
112 2046
111 563
111 2016
111 1193
111 1099
110 974
110 1074
109 1347
109 1112
109 1108
108 2018
108 1828
108 1734
108 1083
107 312
107 308
107 2009
107 1305
107 1258
107 1097
106 2001
105 1350
105 1349
105 1348
104 404
104 364
104 1770
104 1755
104 1235
103 949
103 675
103 673
103 621
103 2365
103 2285
103 2196
103 1107
102 2337
101 997
101 979
101 970
101 951
101 671
101 59
101 562
101 208
101 2000
100 995
100 972
100 950
100 547
100 449
100 1337
100 1004
99 981
99 2286
98 984
98 904
98 391
98 347
98 2061
98 2019
98 1861
98 104
97 1721
97 1142
97 1031
96 978
96 955
96 2336
96 2006
96 1998
95 1854
95 1009
94 998
94 2373
94 22
94 2188
94 1822
94 1306
94 1303
94 1036
94 1029
94 1007
93 943
93 775
93 1885
92 971
92 61
92 2052
92 1999
92 1881
92 1769
92 1536
91 941
91 664
91 627
91 608
91 56
91 517
91 285
91 2355
91 231
91 2027
91 1927
91 1716
91 1550
91 1256
91 1162
90 993
90 980
90 848
90 714
90 683
90 475
90 417
90 385
90 341
90 2246
90 222
90 2172
90 2117
90 2113
90 2081
90 2056
90 201
90 1943
90 1901
90 1698
90 1652
90 1606
90 1584
90 1574
90 1553
90 1526
90 1503
90 1461
90 1436
90 1420
90 1391
90 1381
90 1372
90 1314
90 1268
90 1223
90 1056
89 926
89 690
89 642
89 58
89 577
89 482
89 397
89 396
89 2304
89 2284
89 2130
89 1883
89 1659
89 1628
89 1569
89 1538
89 1518
89 1394
89 1340
89 1251
89 1076
89 1028
88 956
88 907
88 785
88 489
88 353
88 352
88 268
88 2207
88 1997
88 1742
88 1666
88 1616
88 1345
88 1288
88 1110
88 1090
87 781
87 544
87 462
87 319
87 2090
87 2005
87 198
87 1950
87 1922
87 1567
87 1153
87 1133
87 1118
87 1104
87 1078
86 518
86 369
86 325
86 228
86 2249
86 2120
86 2058
86 2040
86 2029
86 185
86 1796
86 1731
86 1718
86 1649
86 1564
86 1533
86 152
86 1514
86 1509
86 1489
86 1472
86 1443
86 1197
86 1175
86 1159
86 1072
85 964
85 805
85 519
85 503
85 316
85 2243
85 2233
85 2220
85 1939
85 1886
85 186
85 1857
85 160
85 153
85 1092
84 520
84 351
84 2339
84 2292
84 21
84 1738
84 1690
84 154
84 1321
84 1259
84 1202
84 1188
84 1157
84 1021
84 1005
83 923
83 44
83 395
83 320
83 2278
83 2144
83 2002
83 1955
83 1636
83 1549
83 1457
83 1416
83 1085
82 934
82 864
82 800
82 759
82 595
82 399
82 2238
82 2164
82 1935
82 188
82 1860
82 1324
82 1247
82 121
82 1123
82 1086
82 1048
81 987
81 855
81 734
81 499
81 355
81 2327
81 2298
81 2141
81 1917
81 1907
81 1891
81 1890
81 184
81 1626
81 1622
81 1612
81 1591
81 1559
81 1467
81 1407
81 1388
81 1378
81 1327
81 1283
81 1230
81 1209
81 1181
81 1100
81 1023
81 1003
80 931
80 918
80 896
80 875
80 461
80 451
80 43
80 38
80 2359
80 2343
80 1958
80 1933
80 1543
80 1427
80 1333
80 1200
80 1171
80 1146
80 1111
80 1080
80 1063
80 1043
79 908
79 652
79 630
79 413
79 2382
79 2205
79 1778
79 1722
79 1712
79 1432
79 1299
79 1297
78 914
78 891
78 871
78 863
78 802
78 505
78 495
78 39
78 35
78 280
78 2361
78 2193
78 1694
78 1648
78 1300
78 1168
78 1143
78 1137
78 1129
78 1073
77 992
77 982
77 958
77 902
77 560
77 546
77 34
77 2182
77 2070
77 2037
77 1983
77 1893
77 1892
77 1888
77 1887
77 1884
77 1728
77 1523
77 1481
77 1452
77 1093
77 1035
76 903
76 884
76 883
76 615
76 545
76 472
76 247
76 2392
76 2369
76 2353
76 23
76 1627
76 1596
76 1301
76 1292
76 1239
76 1196
75 945
75 818
75 710
75 37
75 30
75 2273
75 2087
75 1963
75 195
75 189
75 1889
75 1781
75 1674
75 1673
75 1672
75 1568
75 1537
75 1499
75 1480
75 1451
75 139
75 1368
75 1363
75 1356
75 1296
75 1260
75 1177
74 900
74 87
74 679
74 40
74 313
74 309
74 24
74 2325
74 2191
74 1864
74 1831
74 1702
74 1595
74 1428
74 1404
74 1264
74 1252
74 1158
74 1091
74 1067
73 790
73 57
73 55
73 516
73 28
73 2406
73 2315
73 2208
73 2206
73 2135
73 2109
73 2105
73 2024
73 1994
73 1964
73 1823
73 1792
73 1704
73 1686
73 1638
73 1192
73 1127
73 1011
72 966
72 939
72 776
72 736
72 63
72 41
72 32
72 31
72 2397
72 2396
72 2391
72 2377
72 2376
72 2368
72 2168
72 2108
72 1993
72 1685
72 1243
72 1116
71 571
71 552
71 49
71 441
71 36
71 2362
71 2269
71 2256
71 2231
71 2226
71 219
71 2126
71 1882
71 1827
71 1774
71 1713
71 1486
71 1244
70 935
70 932
70 777
70 657
70 2282
70 2242
70 2189
70 2148
70 2107
70 1992
70 1931
70 1930
70 1929
70 1748
70 1603
70 1400
70 1399
70 1398
70 1254
69 965
69 890
69 760
69 743
69 60
69 51
69 447
69 446
69 272
69 270
69 269
69 238
69 2344
69 2265
69 2224
69 206
69 2008
69 1751
69 1632
69 1631
69 1625
69 162
69 161
69 1522
69 1094
69 1013
68 833
68 412
68 33
68 2394
68 2393
68 2385
68 2281
68 2152
68 2147
68 1695
68 1575
68 1544
68 1298
68 1071
67 942
67 850
67 787
67 742
67 716
67 692
67 685
67 666
67 644
67 610
67 579
67 491
67 484
67 477
67 2321
67 2310
67 2294
67 224
67 2215
67 2185
67 2174
67 2083
67 2053
67 2007
67 1945
67 192
67 1903
67 1897
67 1744
67 174
67 1668
67 1661
67 1654
67 1608
67 1586
67 1555
67 1528
67 1505
67 1463
67 1438
67 1424
67 1423
67 1374
67 1316
67 1289
67 1270
67 1236
67 1225
67 1206
67 117
67 1058
67 1018
66 985
66 924
66 823
66 803
66 735
66 602
66 463
66 2395
66 2381
66 212
66 1912
66 1682
66 1617
66 1392
66 1383
66 1338
66 1323
66 1320
66 1041
65 836
65 826
65 812
65 792
65 762
65 745
65 721
65 697
65 658
65 655
65 633
65 623
65 618
65 599
65 48
65 46
65 29
65 2316
65 2289
65 2098
65 2051
65 1898
65 1788
65 1760
65 145
65 1369
65 1141
65 1012
64 824
64 774
64 733
64 634
64 601
64 592
64 584
64 568
64 540
64 533
64 526
64 26
64 2328
64 2314
64 2227
64 1768
64 1156
64 1149
64 1089
63 616
63 509
63 50
63 45
63 403
63 363
63 275
63 2401
63 2332
63 2127
63 2077
63 1940
63 1711
63 130
63 1180
63 1052
62 999
62 844
62 764
62 737
62 723
62 646
62 581
62 465
62 42
62 281
62 2136
62 2123
62 2115
62 2064
62 2010
62 1829
62 1800
62 18
62 172
62 1594
62 1412
62 1354
62 1248
62 1201
62 114
62 1037
61 869
61 854
61 796
61 648
61 586
61 565
61 559
61 551
61 508
61 47
61 240
61 2275
61 2266
61 2260
61 2253
61 2124
61 207
61 1952
61 194
61 1924
61 1843
61 1802
61 1598
61 1580
61 1576
61 1361
61 1346
61 1219
61 1167
61 111
61 1032
60 912
60 845
60 813
60 793
60 763
60 746
60 722
60 698
60 650
60 619
60 589
60 588
60 554
60 467
60 2410
60 2347
60 2190
60 2181
60 2157
60 2140
60 2097
60 2069
60 2036
60 1982
60 1962
60 1762
60 1761
60 1727
60 1433
60 113
60 1006
59 874
59 663
59 641
59 628
59 613
59 607
59 600
59 576
59 564
59 466
59 464
59 2244
59 2114
59 1913
59 1856
59 1818
59 1618
59 1602
59 1384
59 127
59 1245
58 81
58 755
58 656
58 2251
58 2170
58 2131
58 2054
58 2026
58 1966
58 1862
58 1840
58 1797
58 1784
58 1715
58 1562
58 1500
58 1495
58 1471
58 1470
58 1442
58 1310
58 1215
58 1128
57 555
57 548
57 5
57 3
57 2388
57 2333
57 2276
57 2261
57 1969
57 1870
57 1858
57 1839
57 1807
57 1749
57 1545
57 1187
57 1166
57 103
57 101
56 988
56 90
56 889
56 837
56 651
56 637
56 629
56 603
56 512
56 2375
56 2367
56 2178
56 2142
56 2094
56 2078
56 2033
56 1979
56 1978
56 1838
56 1801
56 1747
56 1724
56 1304
56 1257
56 1231
56 118
56 1024
55 919
55 865
55 771
55 770
55 730
55 729
55 64
55 450
55 400
55 4
55 356
55 27
55 2352
55 2122
55 2012
55 1976
55 1910
55 1814
55 1677
55 165
55 112
55 1
54 963
54 636
54 583
54 471
54 25
54 202
54 2011
54 1990
54 1949
54 1921
54 1869
54 1754
54 1706
54 1687
53 913
53 885
53 819
53 738
53 706
53 2383
53 2125
53 1615
53 1458
53 1249
53 107
53 1008
52 878
52 858
52 851
52 846
52 794
52 788
52 765
52 747
52 717
52 699
52 693
52 686
52 68
52 635
52 511
52 492
52 485
52 478
52 456
52 427
52 303
52 292
52 278
52 2322
52 2295
52 2290
52 2268
52 2255
52 225
52 2225
52 2216
52 2211
52 220
52 2183
52 2102
52 2084
52 2071
52 2065
52 2038
52 1987
52 1972
52 1957
52 1946
52 1941
52 191
52 1904
52 1899
52 1874
52 1819
52 1793
52 1745
52 1740
52 1729
52 1678
52 1669
52 1662
52 166
52 1655
52 1609
52 1604
52 1587
52 1582
52 1556
52 1551
52 1529
52 1524
52 1517
52 1506
52 1501
52 1482
52 1475
52 1464
52 1459
52 1453
52 1446
52 1439
52 1434
52 1426
52 1375
52 1370
52 133
52 1317
52 1312
52 1271
52 1266
52 1226
52 1221
52 1184
52 115
52 1095
52 1059
52 1054
52 1019
52 1014
51 996
51 967
51 96
51 809
51 695
51 62
51 277
51 2319
51 2213
51 2158
51 2093
51 1707
51 1683
51 1357
51 1250
51 1033
51 1016
50 968
50 243
50 2407
50 234
50 2250
50 2201
50 2198
50 215
50 2023
50 178
50 1763
50 1701
50 1671
50 1642
50 146
50 1364
49 480
49 421
49 407
49 359
49 2091
49 1871
49 150
49 1478
49 1449
49 1295
49 1179
49 109
49 105
48 957
48 933
48 930
48 838
48 827
48 783
48 766
48 753
48 749
48 549
48 2351
48 2338
48 2280
48 2237
48 2209
48 2163
48 2146
48 1934
48 1932
48 1764
48 1750
48 1572
48 1541
48 151
48 1493
48 1441
48 140
48 138
48 1213
48 1199
48 1122
48 1047
47 938
47 937
47 905
47 487
47 445
47 405
47 401
47 361
47 357
47 279
47 273
47 1868
47 179
47 1681
47 1680
47 168
47 1679
47 167
47 1643
47 1417
47 1362
47 1355
47 1344
46 879
46 859
46 847
46 784
46 713
46 689
46 682
46 53
46 500
46 496
46 488
46 481
46 474
46 460
46 318
46 2390
46 2329
46 2318
46 2299
46 2291
46 229
46 2245
46 2212
46 221
46 2171
46 2116
46 2103
46 2088
46 2080
46 2079
46 2062
46 2055
46 200
46 1988
46 1973
46 1942
46 1918
46 1908
46 1900
46 1833
46 1815
46 1785
46 1775
46 1741
46 1699
46 1697
46 1665
46 1658
46 1651
46 1623
46 1613
46 1605
46 1592
46 1583
46 1573
46 1565
46 1560
46 1552
46 1542
46 1534
46 1525
46 1510
46 1502
46 1476
46 1468
46 1460
46 1447
46 1435
46 1421
46 142
46 1419
46 1389
46 1379
46 1371
46 134
46 1335
46 1329
46 1313
46 1267
46 1255
46 1222
46 1185
46 1172
46 1161
46 1154
46 1147
46 1105
46 1081
46 1055
46 1015
45 940
45 849
45 840
45 829
45 786
45 715
45 691
45 684
45 680
45 665
45 649
45 643
45 609
45 587
45 578
45 506
45 490
45 483
45 476
45 473
45 297
45 286
45 242
45 233
45 2320
45 2293
45 223
45 2214
45 2194
45 2184
45 2173
45 214
45 2082
45 2057
45 2039
45 2028
45 2013
45 1951
45 1944
45 1923
45 1902
45 180
45 177
45 1743
45 1730
45 1717
45 1705
45 1667
45 1660
45 1653
45 1641
45 1607
45 1585
45 1554
45 1527
45 1504
45 1462
45 1437
45 1373
45 1315
45 1269
45 1228
45 1224
45 1176
45 1057
45 1017
44 84
44 782
44 724
44 591
44 2387
44 1841
44 1752
44 1630
44 1411
44 1386
44 1102
43 94
43 870
43 853
43 816
43 701
43 66
43 567
43 314
43 310
43 2346
43 2306
43 2270
43 2257
43 2195
43 2073
43 19
43 1832
43 1789
43 1758
43 1291
43 1238
42 990
42 97
42 961
42 862
42 795
42 748
42 727
42 703
42 700
42 653
42 631
42 597
42 590
42 566
42 2399
42 2386
42 1867
42 1866
42 1766
42 1739
42 1581
42 1281
42 1265
42 1242
42 1220
42 1135
42 1065
42 1026
41 916
41 804
41 768
41 688
41 681
41 659
41 594
41 459
41 458
41 2360
41 2180
41 2156
41 2139
41 2096
41 2068
41 2035
41 1981
41 1875
41 1849
41 1726
41 1664
41 1657
41 1650
41 1644
41 1531
41 1409
41 1277
41 1275
41 120
40 882
40 798
40 773
40 754
40 751
40 732
40 712
40 669
40 614
40 522
40 2384
40 2374
40 2366
40 2308
40 2235
40 2169
40 2161
40 2159
40 1848
40 1688
40 15
40 1494
40 1491
40 137
40 1246
40 1214
40 1211
40 1120
40 106
40 1045
39 861
39 75
39 570
39 539
39 532
39 525
39 457
39 434
39 423
39 416
39 390
39 384
39 378
39 372
39 346
39 340
39 334
39 328
39 299
39 288
39 263
39 257
39 251
39 239
39 211
39 2031
39 1975
39 1968
39 1876
39 1720
39 1597
39 1479
39 1450
39 1293
39 129
39 1278
39 1240
39 1053
38 929
38 834
38 772
38 731
38 1956
38 1928
38 1877
38 1852
38 1806
38 17
38 1571
38 1540
38 1425
38 1397
38 1343
38 1311
38 1290
38 1237
37 74
37 654
37 632
37 598
37 596
37 572
37 2400
37 2398
37 2305
37 2106
37 2042
37 1991
37 1878
37 1851
37 1733
37 1274
37 122
36 95
36 725
36 553
36 550
36 452
35 921
35 898
35 620
35 542
35 535
35 528
35 454
35 443
35 437
35 419
35 406
35 402
35 393
35 387
35 381
35 375
35 362
35 358
35 349
35 343
35 337
35 331
35 274
35 266
35 260
35 254
35 2263
35 2133
35 209
35 196
35 1915
35 1850
35 1804
35 136
35 1328
35 1286
35 1233
34 877
34 857
34 70
34 67
34 430
34 426
34 306
34 302
34 295
34 291
34 2358
34 2342
34 2317
34 2248
34 2222
34 2119
34 2101
34 2099
34 1986
34 1984
34 1971
34 190
34 1846
34 1813
34 1809
34 1783
34 1779
34 16
34 1516
34 1474
34 1445
34 1360
34 1353
34 1334
34 132
34 1183
33 814
33 705
33 510
33 507
33 408
33 360
33 2348
33 2267
33 2254
33 1847
33 1319
33 1284
33 123
33 119
33 110
32 561
32 1322
31 8
31 69
31 667
31 645
31 611
31 580
31 2345
31 2301
31 2186
31 2175
31 1953
31 1925
31 13
31 1273
30 73
30 72
30 71
30 429
30 305
30 294
30 1836
30 1276
29 276
29 2015
29 1872
29 1853
29 14
28 1620
28 10
27 986
27 973
27 917
27 895
27 835
27 825
27 811
27 791
27 761
27 744
27 720
27 7
27 696
27 674
27 622
27 537
27 530
27 523
27 498
27 494
27 439
27 432
27 428
27 414
27 388
27 382
27 376
27 370
27 344
27 338
27 332
27 326
27 304
27 293
27 261
27 255
27 249
27 2341
27 2326
27 2309
27 2297
27 2274
27 227
27 2259
27 2232
27 2219
27 2177
27 2154
27 2137
27 2129
27 2086
27 2066
27 2060
27 1916
27 1906
27 1844
27 1803
27 1759
27 1696
27 1621
27 1611
27 1590
27 1563
27 1558
27 1532
27 1513
27 1508
27 1488
27 1466
27 144
27 1418
27 1406
27 1387
27 1377
27 1332
27 1326
27 1282
27 1229
27 1208
27 1198
27 1170
27 1160
27 1152
27 1145
27 1132
27 1117
27 1109
27 1103
27 1098
27 1084
27 1079
27 1075
27 1062
27 1042
27 1022
26 76
26 2004
26 1996
26 1589
25 991
25 799
25 752
25 660
25 638
25 604
25 593
25 569
25 2402
25 2389
25 2279
25 2236
25 2223
25 2162
25 2145
25 20
25 1492
25 1331
25 1212
25 1136
25 1121
25 1066
25 1046
25 1027
24 2408
24 2354
24 1873
24 1865
24 1845
24 1837
24 1756
23 989
23 920
23 9
23 897
23 876
23 856
23 839
23 828
23 815
23 797
23 767
23 750
23 726
23 702
23 541
23 534
23 527
23 455
23 442
23 436
23 425
23 418
23 392
23 386
23 380
23 374
23 348
23 342
23 336
23 330
23 301
23 290
23 265
23 259
23 253
23 2277
23 2262
23 2247
23 2234
23 2221
23 2160
23 2143
23 2132
23 2118
23 2100
23 2072
23 1985
23 1970
23 1812
23 1782
23 1771
23 1765
23 1515
23 1490
23 1473
23 1444
23 1408
23 131
23 1285
23 1232
23 1210
23 1182
23 1134
23 1119
23 1064
23 1044
23 1034
23 1025
22 927
22 2218
22 2192
22 2153
22 1689
22 1629
22 1570
22 1539
22 1487
22 1395
22 1341
22 1207
22 1131
22 11
22 1061
21 925
21 661
21 639
21 605
21 574
21 2403
21 2378
21 2370
21 2311
21 2271
21 2258
21 2200
21 2128
21 1811
21 1753
21 1393
21 1339
21 124
21 12
21 116
21 108
19 538
19 531
19 524
19 440
19 433
19 422
19 415
19 389
19 383
19 377
19 371
19 345
19 339
19 333
19 327
19 298
19 287
19 262
19 256
19 250
19 2340
19 2179
19 2155
19 2138
19 2095
19 2067
19 2034
19 1980
19 1967
19 1725
19 128
18 93
18 1810
18 1780
16 711
16 248
16 102
15 960
15 92
15 894
15 881
15 873
15 810
15 719
15 502
15 1948
15 1920
15 176
15 173
15 1676
15 1640
15 164
15 1637
15 1405
15 126
15 1151
14 89
14 86
14 83
14 80
12 78
10 1279
9 977
9 954
9 911
9 888
9 868
9 843
9 832
9 822
9 808
9 780
9 77
9 758
9 741
9 709
9 678
9 65
9 626
9 558
9 515
9 470
9 411
9 367
9 323
9 284
9 246
9 2409
9 237
9 2241
9 2230
9 2204
9 218
9 2167
9 2151
9 2112
9 2076
9 2050
9 205
9 2022
9 1961
9 1938
9 1896
9 183
9 1808
9 1805
9 1737
9 1710
9 171
9 1693
9 1647
9 1635
9 1601
9 1579
9 1548
9 1521
9 1498
9 149
9 1485
9 1456
9 1431
9 1415
9 1403
9 1367
9 1309
9 1263
9 1218
9 1205
9 1165
9 1140
9 1126
9 1115
9 1070
9 1051
9 1040
9 1002
9 100
8 1684
7 952
6 948
5 98
5 975
5 946
5 909
5 886
5 866
5 841
5 830
5 820
5 806
5 778
5 756
5 739
5 707
5 676
5 624
5 556
5 513
5 468
5 409
5 365
5 321
5 282
5 244
5 2411
5 2404
5 2379
5 2371
5 2363
5 2356
5 235
5 2349
5 2334
5 2330
5 2323
5 2312
5 2302
5 2287
5 2239
5 2228
5 2202
5 2165
5 216
5 2149
5 2110
5 2074
5 2048
5 203
5 2020
5 1959
5 1936
5 1894
5 1879
5 1824
5 1820
5 1816
5 181
5 1798
5 1794
5 1790
5 1786
5 1776
5 1772
5 1735
5 1708
5 1691
5 169
5 1645
5 1633
5 1599
5 1577
5 1546
5 1519
5 1496
5 1483
5 147
5 1454
5 1429
5 1413
5 1401
5 1365
5 1358
5 1351
5 1307
5 1261
5 1216
5 1203
5 1163
5 1138
5 1124
5 1113
5 1068
5 1049
5 1038
5 1000
1 2412
0 994
0 99
0 983
0 976
0 969
0 962
0 959
0 953
0 947
0 936
0 928
0 922
0 915
0 910
0 91
0 899
0 893
0 887
0 880
0 88
0 872
0 867
0 860
0 852
0 85
0 842
0 831
0 821
0 82
0 817
0 807
0 801
0 79
0 789
0 779
0 769
0 757
0 740
0 728
0 718
0 708
0 704
0 694
0 687
0 677
0 672
0 668
0 662
0 647
0 640
0 625
0 617
0 612
0 606
0 6
0 582
0 575
0 557
0 543
0 54
0 536
0 529
0 521
0 52
0 514
0 504
0 501
0 497
0 493
0 486
0 479
0 469
0 453
0 448
0 444
0 438
0 431
0 420
0 410
0 398
0 394
0 366
0 354
0 350
0 322
0 317
0 315
0 311
0 307
0 296
0 283
0 271
0 267
0 245
0 241
0 2405
0 2380
0 2372
0 2364
0 236
0 2357
0 2350
0 2335
0 2331
0 2324
0 232
0 2313
0 2307
0 2303
0 2300
0 230
0 2296
0 2288
0 2283
0 2272
0 2264
0 226
0 2252
0 2240
0 2229
0 2217
0 2210
0 2203
0 2187
0 2176
0 217
0 2166
0 2150
0 2134
0 213
0 2121
0 2111
0 2104
0 210
0 2092
0 2089
0 2085
0 2075
0 2063
0 2059
0 2049
0 2041
0 204
0 2032
0 2030
0 2025
0 2021
0 2014
0 2003
0 2
0 1995
0 199
0 1989
0 1977
0 1974
0 197
0 1965
0 1960
0 1954
0 1947
0 1937
0 193
0 1926
0 1919
0 1914
0 1909
0 1905
0 1895
0 1880
0 187
0 1863
0 1859
0 1855
0 1842
0 1834
0 1830
0 1825
0 1821
0 182
0 1817
0 1799
0 1795
0 1791
0 1787
0 1777
0 1773
0 1767
0 1757
0 175
0 1746
0 1736
0 1732
0 1723
0 1719
0 1714
0 1709
0 1703
0 1700
0 170
0 1692
0 1675
0 1670
0 1663
0 1656
0 1646
0 1639
0 1634
0 163
0 1624
0 1619
0 1614
0 1610
0 1600
0 1593
0 159
0 1588
0 1578
0 1566
0 1561
0 1557
0 155
0 1547
0 1535
0 1530
0 1520
0 1511
0 1507
0 1497
0 1484
0 148
0 1477
0 1469
0 1465
0 1455
0 1448
0 1440
0 1430
0 1422
0 1414
0 1410
0 141
0 1402
0 1396
0 1390
0 1385
0 1380
0 1376
0 1366
0 1359
0 1352
0 135
0 1342
0 1336
0 1330
0 1325
0 1318
0 1308
0 1302
0 1294
0 1287
0 1280
0 1272
0 1262
0 125
0 1241
0 1234
0 1227
0 1217
0 1204
0 1194
0 1190
0 1186
0 1178
0 1173
0 1169
0 1164
0 1155
0 1150
0 1148
0 1144
0 1139
0 1130
0 1125
0 1114
0 1106
0 1101
0 1096
0 1088
0 1082
0 1077
0 1069
0 1060
0 1050
0 1039
0 1030
0 1020
0 1010
0 1001
